#1.50000e-01	1.62570e-01	1.76193e-01	1.90958e-01	2.06959e-01	2.24302e-01	2.43098e-01	2.63470e-01	2.85548e-01	3.09477e-01	3.35410e-01	3.63517e-01	3.93979e-01	4.26994e-01	4.62775e-01	5.01555e-01	5.43585e-01	5.89136e-01	6.38505e-01	6.92011e-01	7.50000e-01	
6.21835e-01	7.02427e-01	8.01423e-01	9.20612e-01	1.06171e+00	1.22589e+00	1.41296e+00	1.62024e+00	1.84137e+00	2.06531e+00	2.27643e+00	2.45617e+00	2.58644e+00	2.65408e+00	2.65462e+00	2.59378e+00	2.48586e+00	2.34988e+00	2.20515e+00	2.06787e+00	1.94945e+00	
4.20617e+00	4.28946e+00	4.29697e+00	4.22335e+00	4.07264e+00	3.85779e+00	3.59837e+00	3.31691e+00	3.03527e+00	2.77176e+00	2.53984e+00	2.34805e+00	2.20091e+00	2.10027e+00	2.04650e+00	2.03952e+00	2.07926e+00	2.16584e+00	2.29915e+00	2.47813e+00	2.69964e+00	
3.64821e+00	4.08926e+00	4.60176e+00	5.18323e+00	5.82940e+00	6.53406e+00	7.28878e+00	8.08242e+00	8.90042e+00	9.72406e+00	1.05301e+01	1.12911e+01	1.19773e+01	1.25592e+01	1.30112e+01	1.33155e+01	1.34649e+01	1.34635e+01	1.33258e+01	1.30732e+01	1.27306e+01	
1.83828e+00	1.82595e+00	1.82187e+00	1.83294e+00	1.86706e+00	1.93278e+00	2.03887e+00	2.19394e+00	2.40560e+00	2.67908e+00	3.01484e+00	3.40573e+00	3.83459e+00	4.27377e+00	4.68829e+00	5.04273e+00	5.30984e+00	5.47757e+00	5.55135e+00	5.55098e+00	5.50406e+00	
6.67879e+00	7.38711e+00	8.02743e+00	8.54260e+00	8.87640e+00	8.98532e+00	8.85012e+00	8.48293e+00	7.92612e+00	7.24284e+00	6.50281e+00	5.76867e+00	5.08721e+00	4.48660e+00	3.97856e+00	3.56278e+00	3.23172e+00	2.97450e+00	2.77955e+00	2.63621e+00	2.53561e+00	
1.76150e+00	1.76067e+00	1.79904e+00	1.87150e+00	1.97087e+00	2.08693e+00	2.20639e+00	2.31397e+00	2.39502e+00	2.43882e+00	2.44146e+00	2.40690e+00	2.34566e+00	2.27197e+00	2.20043e+00	2.14353e+00	2.11024e+00	2.10558e+00	2.13059e+00	2.18225e+00	2.25331e+00	
1.21854e+01	1.28277e+01	1.28785e+01	1.23547e+01	1.13805e+01	1.01399e+01	8.81855e+00	7.56124e+00	6.45596e+00	5.53915e+00	4.81124e+00	4.25258e+00	3.83520e+00	3.52966e+00	3.30815e+00	3.14550e+00	3.01937e+00	2.91062e+00	2.80391e+00	2.68867e+00	2.55975e+00	
3.93403e+00	3.92505e+00	3.90629e+00	3.89631e+00	3.91099e+00	3.96230e+00	4.05797e+00	4.20149e+00	4.39199e+00	4.62372e+00	4.88543e+00	5.15985e+00	5.42391e+00	5.65023e+00	5.81028e+00	5.87882e+00	5.83885e+00	5.68534e+00	5.42641e+00	5.08161e+00	4.67766e+00	
2.06380e+00	1.92928e+00	1.80820e+00	1.70183e+00	1.61218e+00	1.54174e+00	1.49335e+00	1.47006e+00	1.47519e+00	1.51247e+00	1.58615e+00	1.70107e+00	1.86243e+00	2.07516e+00	2.34287e+00	2.66622e+00	3.04117e+00	3.45741e+00	3.89786e+00	4.33985e+00	4.75811e+00	
1.11473e+00	9.62360e-01	8.31324e-01	7.24128e-01	6.41424e-01	5.82644e-01	5.46794e-01	5.33167e-01	5.41867e-01	5.74112e-01	6.32256e-01	7.19431e-01	8.38630e-01	9.91045e-01	1.17370e+00	1.37694e+00	1.58305e+00	1.76755e+00	1.90412e+00	1.97205e+00	1.96298e+00	
7.09316e-01	7.10052e-01	7.49197e-01	8.29528e-01	9.56911e-01	1.13943e+00	1.38571e+00	1.70215e+00	2.08903e+00	2.53622e+00	3.02031e+00	3.50484e+00	3.94533e+00	4.29812e+00	4.53026e+00	4.62673e+00	4.59217e+00	4.44725e+00	4.22164e+00	3.94682e+00	3.65057e+00	
1.45769e+01	1.40433e+01	1.31861e+01	1.20156e+01	1.05885e+01	9.00561e+00	7.39338e+00	5.87539e+00	4.54496e+00	3.45079e+00	2.59855e+00	1.96372e+00	1.50736e+00	1.18870e+00	9.72322e-01	8.30744e-01	7.44286e-01	6.99689e-01	6.88514e-01	7.05683e-01	7.48290e-01	
1.48641e+00	1.57441e+00	1.66172e+00	1.74651e+00	1.82716e+00	1.90207e+00	1.96949e+00	2.02752e+00	2.07413e+00	2.10747e+00	2.12612e+00	2.12936e+00	2.11723e+00	2.09046e+00	2.05007e+00	1.99709e+00	1.93217e+00	1.85562e+00	1.76759e+00	1.66866e+00	1.56039e+00	
4.01230e+00	4.49220e+00	4.98571e+00	5.44610e+00	5.81284e+00	6.02298e+00	6.02865e+00	5.81427e+00	5.40445e+00	4.85758e+00	4.24784e+00	3.64473e+00	3.09906e+00	2.63876e+00	2.27238e+00	1.99589e+00	1.79914e+00	1.67033e+00	1.59834e+00	1.57356e+00	1.58768e+00	
3.06711e+00	2.95580e+00	2.82979e+00	2.68593e+00	2.52601e+00	2.35660e+00	2.18767e+00	2.03051e+00	1.89571e+00	1.79193e+00	1.72557e+00	1.70104e+00	1.72122e+00	1.78752e+00	1.89916e+00	2.05148e+00	2.23365e+00	2.42671e+00	2.60376e+00	2.73401e+00	2.79071e+00	
3.21059e+00	3.01506e+00	2.80398e+00	2.59049e+00	2.38640e+00	2.20150e+00	2.04342e+00	1.91792e+00	1.82955e+00	1.78236e+00	1.78073e+00	1.83004e+00	1.93731e+00	2.11126e+00	2.36175e+00	2.69784e+00	3.12420e+00	3.63542e+00	4.20941e+00	4.80238e+00	5.34947e+00	
2.23782e+00	2.13266e+00	2.06683e+00	2.04576e+00	2.07586e+00	2.16498e+00	2.32275e+00	2.56022e+00	2.88821e+00	3.31356e+00	3.83274e+00	4.42335e+00	5.03649e+00	5.59599e+00	6.01034e+00	6.19832e+00	6.11883e+00	5.78838e+00	5.27505e+00	4.67226e+00	4.06840e+00	
1.45781e+00	1.60100e+00	1.78493e+00	2.00731e+00	2.26215e+00	2.53960e+00	2.82699e+00	3.11085e+00	3.37960e+00	3.62560e+00	3.84614e+00	4.04277e+00	4.21973e+00	4.38173e+00	4.53202e+00	4.67103e+00	4.79570e+00	4.89977e+00	4.97485e+00	5.01220e+00	5.00483e+00	
5.09826e+00	4.73092e+00	4.40386e+00	4.13037e+00	3.91736e+00	3.76628e+00	3.67411e+00	3.63382e+00	3.63457e+00	3.66151e+00	3.69608e+00	3.71725e+00	3.70429e+00	3.64082e+00	3.51900e+00	3.34209e+00	3.12408e+00	2.88617e+00	2.65169e+00	2.44153e+00	2.27154e+00	
4.43672e+00	4.12674e+00	3.91822e+00	3.79456e+00	3.73938e+00	3.73600e+00	3.76668e+00	3.81214e+00	3.85182e+00	3.86535e+00	3.83501e+00	3.74889e+00	3.60362e+00	3.40548e+00	3.16929e+00	2.91509e+00	2.66396e+00	2.43432e+00	2.23975e+00	2.08855e+00	1.98457e+00	
1.03101e+01	9.37312e+00	8.45280e+00	7.59993e+00	6.84704e+00	6.20936e+00	5.68799e+00	5.27362e+00	4.95012e+00	4.69737e+00	4.49347e+00	4.31687e+00	4.14857e+00	3.97433e+00	3.78646e+00	3.58445e+00	3.37405e+00	3.16521e+00	2.96939e+00	2.79734e+00	2.65772e+00	
4.20081e+00	3.89376e+00	3.65351e+00	3.48209e+00	3.37559e+00	3.32596e+00	3.32215e+00	3.35078e+00	3.39703e+00	3.44586e+00	3.48388e+00	3.50130e+00	3.49352e+00	3.46154e+00	3.41121e+00	3.35148e+00	3.29242e+00	3.24343e+00	3.21204e+00	3.20327e+00	3.21944e+00	
4.23502e+00	4.37116e+00	4.56573e+00	4.83475e+00	5.19497e+00	5.66223e+00	6.24861e+00	6.95798e+00	7.78009e+00	8.68421e+00	9.61471e+00	1.04920e+01	1.12214e+01	1.17105e+01	1.18904e+01	1.17334e+01	1.12606e+01	1.05354e+01	9.64723e+00	8.69087e+00	7.74947e+00	
4.86051e+00	4.76118e+00	4.62331e+00	4.45307e+00	4.26538e+00	4.08100e+00	3.92310e+00	3.81463e+00	3.77713e+00	3.83105e+00	3.99706e+00	4.29717e+00	4.75474e+00	5.39177e+00	6.22256e+00	7.24320e+00	8.41931e+00	9.67768e+00	1.09096e+01	1.19914e+01	1.28170e+01	
3.28026e+00	3.80834e+00	4.51322e+00	5.41635e+00	6.52161e+00	7.79983e+00	9.17374e+00	1.05118e+01	1.16404e+01	1.23803e+01	1.25969e+01	1.22463e+01	1.13921e+01	1.01834e+01	8.80588e+00	7.43024e+00	6.17865e+00	5.11625e+00	4.26091e+00	3.60027e+00	3.10764e+00	
2.55821e+00	2.70431e+00	2.79929e+00	2.85122e+00	2.87516e+00	2.88919e+00	2.91070e+00	2.95370e+00	3.02723e+00	3.13428e+00	3.27091e+00	3.42556e+00	3.57920e+00	3.70721e+00	3.78380e+00	3.78832e+00	3.71147e+00	3.55855e+00	3.34816e+00	3.10686e+00	2.86249e+00	
2.36883e+00	2.10028e+00	1.86183e+00	1.66094e+00	1.50096e+00	1.38250e+00	1.30482e+00	1.26703e+00	1.26887e+00	1.31109e+00	1.39539e+00	1.52371e+00	1.69708e+00	1.91368e+00	2.16684e+00	2.44358e+00	2.72495e+00	2.98900e+00	3.21587e+00	3.39320e+00	3.51933e+00	
1.60598e+00	1.48782e+00	1.39068e+00	1.32094e+00	1.28206e+00	1.27553e+00	1.30155e+00	1.35920e+00	1.44611e+00	1.55774e+00	1.68656e+00	1.82169e+00	1.94955e+00	2.05569e+00	2.12771e+00	2.15824e+00	2.14684e+00	2.10003e+00	2.02952e+00	1.94950e+00	1.87408e+00	
4.99432e+00	4.73356e+00	4.54610e+00	4.42762e+00	4.37185e+00	4.37188e+00	4.42125e+00	4.51492e+00	4.65019e+00	4.82740e+00	5.05028e+00	5.32577e+00	5.66318e+00	6.07268e+00	6.56297e+00	7.13809e+00	7.79342e+00	8.51117e+00	9.25642e+00	9.97553e+00	1.05991e+01	
1.44619e+01	1.49590e+01	1.47863e+01	1.39512e+01	1.25847e+01	1.09006e+01	9.12966e+00	7.46095e+00	6.01182e+00	4.82903e+00	3.90826e+00	3.21756e+00	2.71589e+00	2.36428e+00	2.13085e+00	1.99206e+00	1.93221e+00	1.94233e+00	2.01906e+00	2.16362e+00	2.38089e+00	
1.94531e+00	1.97784e+00	2.02429e+00	2.08394e+00	2.15466e+00	2.23239e+00	2.31089e+00	2.38211e+00	2.43711e+00	2.46780e+00	2.46884e+00	2.43924e+00	2.38287e+00	2.30779e+00	2.22448e+00	2.14389e+00	2.07578e+00	2.02769e+00	2.00469e+00	2.00936e+00	2.04198e+00	
7.41218e+00	6.96678e+00	6.42402e+00	5.83630e+00	5.25002e+00	4.70026e+00	4.20881e+00	3.78520e+00	3.42925e+00	3.13411e+00	2.88906e+00	2.68170e+00	2.49978e+00	2.33278e+00	2.17317e+00	2.01726e+00	1.86536e+00	1.72111e+00	1.59014e+00	1.47870e+00	1.39250e+00	
1.76838e+00	1.72199e+00	1.64657e+00	1.54621e+00	1.42838e+00	1.30260e+00	1.17876e+00	1.06559e+00	9.69856e-01	8.96282e-01	8.48151e-01	8.28257e-01	8.40028e-01	8.88687e-01	9.82442e-01	1.13365e+00	1.35976e+00	1.68354e+00	2.13155e+00	2.72957e+00	3.49395e+00	
6.49631e+00	6.49781e+00	6.31044e+00	5.97008e+00	5.52953e+00	5.04481e+00	4.56407e+00	4.12184e+00	3.73830e+00	3.42173e+00	3.17201e+00	2.98396e+00	2.84987e+00	2.76115e+00	2.70940e+00	2.68717e+00	2.68854e+00	2.70961e+00	2.74880e+00	2.80687e+00	2.88654e+00	
3.86753e+00	3.62618e+00	3.36534e+00	3.10624e+00	2.86720e+00	2.66108e+00	2.49470e+00	2.36960e+00	2.28333e+00	2.23056e+00	2.20395e+00	2.19486e+00	2.19423e+00	2.19365e+00	2.18669e+00	2.17014e+00	2.14476e+00	2.11518e+00	2.08904e+00	2.07572e+00	2.08510e+00	
7.59779e-01	7.79370e-01	8.01329e-01	8.24122e-01	8.46389e-01	8.66916e-01	8.84622e-01	8.98598e-01	9.08177e-01	9.13060e-01	9.13419e-01	9.09959e-01	9.03896e-01	8.96845e-01	8.90653e-01	8.87214e-01	8.88318e-01	8.95556e-01	9.10298e-01	9.33744e-01	9.67022e-01	
5.75469e+00	5.77043e+00	5.68360e+00	5.49776e+00	5.22613e+00	4.89049e+00	4.51802e+00	4.13704e+00	3.77287e+00	3.44508e+00	3.16641e+00	2.94322e+00	2.77668e+00	2.66407e+00	2.59977e+00	2.57570e+00	2.58142e+00	2.60436e+00	2.63049e+00	2.64600e+00	2.63968e+00	
6.12131e+00	6.28433e+00	6.34867e+00	6.30591e+00	6.15441e+00	5.89999e+00	5.55604e+00	5.14258e+00	4.68443e+00	4.20854e+00	3.74102e+00	3.30456e+00	2.91661e+00	2.58893e+00	2.32826e+00	2.13794e+00	2.02010e+00	1.97806e+00	2.01895e+00	2.15644e+00	2.41409e+00	
2.25925e+00	2.30074e+00	2.38357e+00	2.48941e+00	2.59756e+00	2.68626e+00	2.73585e+00	2.73272e+00	2.67247e+00	2.56084e+00	2.41171e+00	2.24329e+00	2.07391e+00	1.91890e+00	1.78919e+00	1.69132e+00	1.62840e+00	1.60108e+00	1.60836e+00	1.64795e+00	1.71619e+00	
1.62966e+00	1.77349e+00	1.97477e+00	2.23089e+00	2.53233e+00	2.85904e+00	3.17893e+00	3.45067e+00	3.63214e+00	3.69253e+00	3.62309e+00	3.44059e+00	3.18151e+00	2.89024e+00	2.60733e+00	2.36259e+00	2.17384e+00	2.04947e+00	1.99213e+00	2.00169e+00	2.07660e+00	
3.59581e+00	3.38231e+00	3.18902e+00	3.01909e+00	2.87315e+00	2.75029e+00	2.64899e+00	2.56776e+00	2.50569e+00	2.46257e+00	2.43906e+00	2.43652e+00	2.45689e+00	2.50250e+00	2.57592e+00	2.67979e+00	2.81659e+00	2.98842e+00	3.19645e+00	3.44024e+00	3.71667e+00	
2.73274e+00	2.80650e+00	3.00668e+00	3.34598e+00	3.84233e+00	4.51410e+00	5.37206e+00	6.40839e+00	7.58543e+00	8.82933e+00	1.00350e+01	1.10847e+01	1.18765e+01	1.23505e+01	1.25023e+01	1.23779e+01	1.20563e+01	1.16266e+01	1.11710e+01	1.07542e+01	1.04214e+01	
1.20562e+00	1.07203e+00	9.82287e-01	9.34437e-01	9.27761e-01	9.63807e-01	1.04708e+00	1.18536e+00	1.38944e+00	1.67186e+00	2.04398e+00	2.51093e+00	3.06466e+00	3.67703e+00	4.29682e+00	4.85471e+00	5.27827e+00	5.51269e+00	5.53827e+00	5.37578e+00	5.07717e+00	
1.62524e+01	1.54928e+01	1.42389e+01	1.26435e+01	1.08841e+01	9.12590e+00	7.49524e+00	6.06882e+00	4.87716e+00	3.91650e+00	3.16261e+00	2.58262e+00	2.14292e+00	1.81356e+00	1.56985e+00	1.39259e+00	1.26734e+00	1.18361e+00	1.13399e+00	1.11332e+00	1.11814e+00	
1.31021e+01	1.21793e+01	1.11865e+01	1.01939e+01	9.25555e+00	8.40840e+00	7.67373e+00	7.06049e+00	6.56866e+00	6.19234e+00	5.92210e+00	5.74645e+00	5.65282e+00	5.62813e+00	5.65947e+00	5.73500e+00	5.84521e+00	5.98444e+00	6.15196e+00	6.35242e+00	6.59500e+00	
2.09686e+00	2.17908e+00	2.28362e+00	2.41494e+00	2.57551e+00	2.76527e+00	2.98116e+00	3.21695e+00	3.46344e+00	3.70927e+00	3.94215e+00	4.15035e+00	4.32407e+00	4.45644e+00	4.54394e+00	4.58640e+00	4.58669e+00	4.55025e+00	4.48460e+00	4.39865e+00	4.30193e+00	
1.68275e+00	1.52182e+00	1.41051e+00	1.34136e+00	1.30719e+00	1.30108e+00	1.31605e+00	1.34486e+00	1.38014e+00	1.41495e+00	1.44372e+00	1.46314e+00	1.47267e+00	1.47441e+00	1.47240e+00	1.47160e+00	1.47696e+00	1.49274e+00	1.52217e+00	1.56738e+00	1.62938e+00	
4.10409e+00	3.84255e+00	3.61857e+00	3.45570e+00	3.36883e+00	3.36704e+00	3.45614e+00	3.63994e+00	3.91994e+00	4.29338e+00	4.75017e+00	5.26977e+00	5.81948e+00	6.35604e+00	6.83150e+00	7.20238e+00	7.43937e+00	7.53373e+00	7.49797e+00	7.36110e+00	7.16069e+00	
1.21634e+01	1.20395e+01	1.17847e+01	1.14383e+01	1.10432e+01	1.06392e+01	1.02585e+01	9.92130e+00	9.63517e+00	9.39506e+00	9.18546e+00	8.98377e+00	8.76503e+00	8.50749e+00	8.19792e+00	7.83513e+00	7.43063e+00	7.00592e+00	6.58775e+00	6.20294e+00	5.87446e+00	
2.68563e+00	2.73509e+00	2.76631e+00	2.77752e+00	2.76837e+00	2.73993e+00	2.69450e+00	2.63517e+00	2.56536e+00	2.48841e+00	2.40739e+00	2.32501e+00	2.24382e+00	2.16631e+00	2.09510e+00	2.03291e+00	1.98247e+00	1.94633e+00	1.92658e+00	1.92457e+00	1.94068e+00	
9.87786e+00	1.05903e+01	1.11074e+01	1.13591e+01	1.13052e+01	1.09475e+01	1.03305e+01	9.53042e+00	8.63648e+00	7.73224e+00	6.88319e+00	6.13204e+00	5.50057e+00	4.99485e+00	4.61123e+00	4.34135e+00	4.17568e+00	4.10553e+00	4.12404e+00	4.22634e+00	4.40927e+00	
3.17920e+00	3.38693e+00	3.56894e+00	3.70972e+00	3.79939e+00	3.83518e+00	3.82098e+00	3.76540e+00	3.67921e+00	3.57317e+00	3.45662e+00	3.33692e+00	3.21949e+00	3.10809e+00	3.00501e+00	2.91119e+00	2.82607e+00	2.74757e+00	2.67202e+00	2.59462e+00	2.51009e+00	
1.56788e+00	1.58519e+00	1.65488e+00	1.77462e+00	1.94283e+00	2.15691e+00	2.41119e+00	2.69492e+00	2.99096e+00	3.27602e+00	3.52313e+00	3.70651e+00	3.80747e+00	3.81912e+00	3.74779e+00	3.61052e+00	3.42972e+00	3.22737e+00	3.02069e+00	2.82013e+00	2.62954e+00	
3.44135e+00	3.40141e+00	3.31181e+00	3.18642e+00	3.04015e+00	2.88690e+00	2.73817e+00	2.60259e+00	2.48601e+00	2.39206e+00	2.32285e+00	2.27957e+00	2.26288e+00	2.27316e+00	2.31046e+00	2.37432e+00	2.46349e+00	2.57561e+00	2.70703e+00	2.85287e+00	3.00746e+00	
1.25920e+00	1.44154e+00	1.64396e+00	1.86341e+00	2.09593e+00	2.33619e+00	2.57683e+00	2.80767e+00	3.01538e+00	3.18424e+00	3.29820e+00	3.34424e+00	3.31609e+00	3.21670e+00	3.05842e+00	2.86053e+00	2.64516e+00	2.43318e+00	2.24143e+00	2.08170e+00	1.96132e+00	
6.86254e+00	7.12416e+00	7.60095e+00	8.33000e+00	9.34431e+00	1.06652e+01	1.22895e+01	1.41731e+01	1.62179e+01	1.82698e+01	2.01343e+01	2.16115e+01	2.25398e+01	2.28324e+01	2.24933e+01	2.16069e+01	2.03095e+01	1.87547e+01	1.70849e+01	1.54139e+01	1.38217e+01	
1.19267e+00	1.31967e+00	1.46775e+00	1.64032e+00	1.84233e+00	2.08112e+00	2.36735e+00	2.71606e+00	3.14740e+00	3.68692e+00	4.36460e+00	5.21149e+00	6.25265e+00	7.49510e+00	8.91121e+00	1.04222e+01	1.18915e+01	1.31390e+01	1.39825e+01	1.42943e+01	1.40475e+01	
5.24419e+00	4.41939e+00	3.75860e+00	3.23322e+00	2.81784e+00	2.49132e+00	2.23681e+00	2.04129e+00	1.89497e+00	1.79064e+00	1.72317e+00	1.68898e+00	1.68568e+00	1.71172e+00	1.76600e+00	1.84751e+00	1.95497e+00	2.08645e+00	2.23902e+00	2.40859e+00	2.58986e+00	
3.96603e+00	4.29043e+00	4.59979e+00	4.86485e+00	5.05890e+00	5.16267e+00	5.16784e+00	5.07767e+00	4.90507e+00	4.66871e+00	4.38892e+00	4.08432e+00	3.76987e+00	3.45641e+00	3.15113e+00	2.85877e+00	2.58270e+00	2.32590e+00	2.09131e+00	1.88188e+00	1.70029e+00	
4.47855e+00	4.88383e+00	5.30266e+00	5.72598e+00	6.14287e+00	6.54062e+00	6.90511e+00	7.22164e+00	7.47592e+00	7.65522e+00	7.74934e+00	7.75150e+00	7.65900e+00	7.47396e+00	7.20383e+00	6.86159e+00	6.46529e+00	6.03680e+00	5.59962e+00	5.17645e+00	4.78688e+00	
7.98494e+00	8.06375e+00	8.09485e+00	8.07712e+00	8.00662e+00	7.87624e+00	7.67682e+00	7.39985e+00	7.04108e+00	6.60391e+00	6.10120e+00	5.55449e+00	4.99070e+00	4.43738e+00	3.91823e+00	3.45012e+00	3.04223e+00	2.69689e+00	2.41135e+00	2.17970e+00	1.99458e+00	
1.19030e+01	1.31770e+01	1.46205e+01	1.61435e+01	1.76121e+01	1.88592e+01	1.97115e+01	2.00285e+01	1.97397e+01	1.88663e+01	1.75149e+01	1.58480e+01	1.40435e+01	1.22587e+01	1.06093e+01	9.16356e+00	7.94915e+00	6.96455e+00	6.19095e+00	5.60141e+00	5.16690e+00	
1.53347e+00	1.63467e+00	1.74409e+00	1.85895e+00	1.97515e+00	2.08760e+00	2.19073e+00	2.27926e+00	2.34892e+00	2.39700e+00	2.42250e+00	2.42597e+00	2.40907e+00	2.37417e+00	2.32395e+00	2.26143e+00	2.19005e+00	2.11391e+00	2.03789e+00	1.96763e+00	1.90928e+00	
3.17213e+00	3.23103e+00	3.33984e+00	3.48978e+00	3.66832e+00	3.85887e+00	4.04150e+00	4.19524e+00	4.30162e+00	4.34871e+00	4.33420e+00	4.26620e+00	4.16147e+00	4.04180e+00	3.92995e+00	3.84651e+00	3.80818e+00	3.82741e+00	3.91266e+00	4.06872e+00	4.29655e+00	
2.74445e+00	2.55262e+00	2.32919e+00	2.09001e+00	1.85171e+00	1.62903e+00	1.43300e+00	1.27034e+00	1.14401e+00	1.05436e+00	1.00043e+00	9.81046e-01	9.95428e-01	1.04339e+00	1.12506e+00	1.24014e+00	1.38703e+00	1.56187e+00	1.75819e+00	1.96746e+00	2.18069e+00	
4.18073e+00	4.09255e+00	3.96785e+00	3.82855e+00	3.69591e+00	3.58819e+00	3.51976e+00	3.50147e+00	3.54144e+00	3.64603e+00	3.82054e+00	4.06948e+00	4.39648e+00	4.80372e+00	5.29096e+00	5.85413e+00	6.48353e+00	7.16153e+00	7.86027e+00	8.53988e+00	9.14855e+00	
3.50304e+00	3.85992e+00	4.22044e+00	4.56226e+00	4.86052e+00	5.09162e+00	5.23766e+00	5.29037e+00	5.25341e+00	5.14193e+00	4.98005e+00	4.79679e+00	4.62211e+00	4.48414e+00	4.40787e+00	4.41543e+00	4.52712e+00	4.76225e+00	5.13865e+00	5.66943e+00	6.35540e+00	
6.48914e+00	5.99712e+00	5.65011e+00	5.43933e+00	5.35852e+00	5.40525e+00	5.58172e+00	5.89530e+00	6.35887e+00	6.99101e+00	7.81599e+00	8.86310e+00	1.01647e+01	1.17521e+01	1.36476e+01	1.58509e+01	1.83207e+01	2.09515e+01	2.35541e+01	2.58533e+01	2.75181e+01	
4.24998e+00	4.79636e+00	5.41270e+00	6.10133e+00	6.86226e+00	7.69278e+00	8.58779e+00	9.54087e+00	1.05458e+01	1.15978e+01	1.26944e+01	1.38337e+01	1.50121e+01	1.62193e+01	1.74333e+01	1.86141e+01	1.97014e+01	2.06143e+01	2.12585e+01	2.15393e+01	2.13799e+01	
3.53559e+00	3.22657e+00	2.97125e+00	2.78714e+00	2.68569e+00	2.67560e+00	2.76593e+00	2.96802e+00	3.29581e+00	3.76363e+00	4.38085e+00	5.14325e+00	6.02275e+00	6.95944e+00	7.86202e+00	8.62124e+00	9.13488e+00	9.33549e+00	9.20842e+00	8.79227e+00	8.16303e+00	
2.44584e+00	2.36801e+00	2.34127e+00	2.36064e+00	2.42371e+00	2.53057e+00	2.68358e+00	2.88689e+00	3.14578e+00	3.46545e+00	3.84929e+00	4.29629e+00	4.79757e+00	5.33250e+00	5.86531e+00	6.34423e+00	6.70557e+00	6.88452e+00	6.83157e+00	6.52951e+00	6.00313e+00	
8.00376e+00	8.24638e+00	8.43843e+00	8.55296e+00	8.55840e+00	8.42430e+00	8.12922e+00	7.66855e+00	7.05936e+00	6.33961e+00	5.56147e+00	4.78065e+00	4.04591e+00	3.39189e+00	2.83701e+00	2.38547e+00	2.03158e+00	1.76430e+00	1.57093e+00	1.43937e+00	1.35926e+00	
3.50028e+00	3.06248e+00	2.69893e+00	2.41167e+00	2.19781e+00	2.05219e+00	1.96958e+00	1.94608e+00	1.98000e+00	2.07240e+00	2.22736e+00	2.45231e+00	2.75820e+00	3.15962e+00	3.67441e+00	4.32242e+00	5.12291e+00	6.08966e+00	7.22372e+00	8.50411e+00	9.87866e+00	
2.13088e+00	2.06791e+00	1.99337e+00	1.90879e+00	1.81578e+00	1.71631e+00	1.61297e+00	1.50912e+00	1.40883e+00	1.31651e+00	1.23653e+00	1.17281e+00	1.12864e+00	1.10665e+00	1.10898e+00	1.13733e+00	1.19296e+00	1.27629e+00	1.38635e+00	1.51985e+00	1.67052e+00	
8.78697e+00	1.00049e+01	1.14127e+01	1.30280e+01	1.48489e+01	1.68411e+01	1.89232e+01	2.09545e+01	2.27351e+01	2.40237e+01	2.45810e+01	2.42317e+01	2.29271e+01	2.07789e+01	1.80418e+01	1.50479e+01	1.21190e+01	9.49568e+00	7.30745e+00	5.58276e+00	4.28206e+00	
6.68202e+00	6.56080e+00	6.46498e+00	6.40220e+00	6.37129e+00	6.36252e+00	6.35889e+00	6.33875e+00	6.27971e+00	6.16351e+00	5.98069e+00	5.73334e+00	5.43500e+00	5.10755e+00	4.77633e+00	4.46540e+00	4.19426e+00	3.97647e+00	3.81993e+00	3.72799e+00	3.70062e+00	
4.93186e+00	4.86911e+00	4.72376e+00	4.49491e+00	4.19552e+00	3.84997e+00	3.48841e+00	3.14030e+00	2.82929e+00	2.57113e+00	2.37412e+00	2.24108e+00	2.17176e+00	2.16462e+00	2.21781e+00	2.32932e+00	2.49631e+00	2.71407e+00	2.97488e+00	3.26738e+00	3.57679e+00	
1.84188e+00	2.16524e+00	2.63681e+00	3.31222e+00	4.25907e+00	5.54593e+00	7.21615e+00	9.24356e+00	1.14814e+01	1.36364e+01	1.53110e+01	1.61273e+01	1.58844e+01	1.46508e+01	1.27287e+01	1.05176e+01	8.36746e+00	6.49858e+00	4.99727e+00	3.85621e+00	3.02159e+00	
9.24655e+00	8.82580e+00	8.19223e+00	7.40732e+00	6.55157e+00	5.70477e+00	4.93018e+00	4.26715e+00	3.73232e+00	3.32569e+00	3.03779e+00	2.85543e+00	2.76503e+00	2.75392e+00	2.81002e+00	2.92083e+00	3.07209e+00	3.24707e+00	3.42674e+00	3.59131e+00	3.72265e+00	
1.07845e+01	9.55614e+00	8.35967e+00	7.22552e+00	6.17757e+00	5.23390e+00	4.40630e+00	3.69941e+00	3.11079e+00	2.63214e+00	2.25124e+00	1.95414e+00	1.72701e+00	1.55735e+00	1.43462e+00	1.35050e+00	1.29881e+00	1.27533e+00	1.27763e+00	1.30484e+00	1.35748e+00	
3.78191e+00	3.73893e+00	3.73463e+00	3.78326e+00	3.89602e+00	4.08080e+00	4.34160e+00	4.67751e+00	5.08116e+00	5.53697e+00	6.02015e+00	6.49707e+00	6.92771e+00	7.27057e+00	7.48913e+00	7.55869e+00	7.47157e+00	7.23905e+00	6.88913e+00	6.46094e+00	5.99724e+00	
1.12994e+00	1.19602e+00	1.30111e+00	1.45150e+00	1.65366e+00	1.91254e+00	2.22905e+00	2.59677e+00	2.99910e+00	3.40838e+00	3.78876e+00	4.10308e+00	4.32200e+00	4.43160e+00	4.43642e+00	4.35665e+00	4.22157e+00	4.06219e+00	3.90572e+00	3.77261e+00	3.67602e+00	
3.17328e+00	3.96029e+00	4.98982e+00	6.30556e+00	7.93436e+00	9.86760e+00	1.20410e+01	1.43217e+01	1.65132e+01	1.83851e+01	1.97248e+01	2.03926e+01	2.03574e+01	1.96987e+01	1.85751e+01	1.71768e+01	1.56824e+01	1.42315e+01	1.29160e+01	1.17848e+01	1.08545e+01	
4.40569e+00	4.14051e+00	3.88148e+00	3.64512e+00	3.44734e+00	3.30191e+00	3.21989e+00	3.20995e+00	3.27898e+00	3.43241e+00	3.67380e+00	4.00356e+00	4.41684e+00	4.90143e+00	5.43631e+00	5.99208e+00	6.53318e+00	7.02163e+00	7.42087e+00	7.69884e+00	7.83007e+00	
4.95508e+00	4.06022e+00	3.36993e+00	2.86421e+00	2.51404e+00	2.29087e+00	2.17069e+00	2.13439e+00	2.16628e+00	2.25153e+00	2.37372e+00	2.51317e+00	2.64725e+00	2.75301e+00	2.81171e+00	2.81331e+00	2.75882e+00	2.65917e+00	2.53129e+00	2.39322e+00	2.26030e+00	
5.17242e+00	5.15994e+00	5.13462e+00	5.08101e+00	4.98366e+00	4.83001e+00	4.61379e+00	4.33767e+00	4.01395e+00	3.66270e+00	3.30782e+00	2.97247e+00	2.67540e+00	2.42936e+00	2.24144e+00	2.11458e+00	2.04960e+00	2.04682e+00	2.10708e+00	2.23196e+00	2.42304e+00	
4.37243e+00	4.13880e+00	3.80321e+00	3.39907e+00	2.96421e+00	2.53368e+00	2.13462e+00	1.78419e+00	1.49013e+00	1.25296e+00	1.06863e+00	9.31001e-01	8.33591e-01	7.70648e-01	7.37667e-01	7.31457e-01	7.49902e-01	7.91445e-01	8.54342e-01	9.35715e-01	1.03064e+00	
1.67009e+00	1.59026e+00	1.49566e+00	1.39201e+00	1.28525e+00	1.18059e+00	1.08208e+00	9.92490e-01	9.13490e-01	8.45925e-01	7.90067e-01	7.45835e-01	7.12936e-01	6.90951e-01	6.79374e-01	6.77616e-01	6.84988e-01	7.00667e-01	7.23689e-01	7.52961e-01	7.87347e-01	
2.92874e+00	3.13339e+00	3.36751e+00	3.63096e+00	3.92032e+00	4.22753e+00	4.53868e+00	4.83384e+00	5.08848e+00	5.27671e+00	5.37626e+00	5.37354e+00	5.26739e+00	5.06973e+00	4.80285e+00	4.49447e+00	4.17217e+00	3.85904e+00	3.57129e+00	3.31775e+00	3.10059e+00	
6.97470e+00	6.94591e+00	6.91118e+00	6.86922e+00	6.81670e+00	6.74906e+00	6.66150e+00	6.54987e+00	6.41140e+00	6.24514e+00	6.05203e+00	5.83480e+00	5.59766e+00	5.34611e+00	5.08672e+00	4.82709e+00	4.57572e+00	4.34184e+00	4.13517e+00	3.96546e+00	3.84213e+00	
4.34612e+00	4.44816e+00	4.48589e+00	4.45233e+00	4.35010e+00	4.19174e+00	3.99776e+00	3.79288e+00	3.60215e+00	3.44801e+00	3.34918e+00	3.32088e+00	3.37605e+00	3.52646e+00	3.78298e+00	4.15418e+00	4.64276e+00	5.23972e+00	5.91773e+00	6.62651e+00	7.29456e+00	
1.08165e+01	9.87283e+00	9.03768e+00	8.33947e+00	7.78817e+00	7.38032e+00	7.10370e+00	6.94052e+00	6.86940e+00	6.86637e+00	6.90581e+00	6.96162e+00	7.00899e+00	7.02652e+00	6.99821e+00	6.91472e+00	6.77347e+00	6.57764e+00	6.33447e+00	6.05340e+00	5.74452e+00	
3.86935e+00	4.13675e+00	4.41559e+00	4.70200e+00	4.98995e+00	5.27138e+00	5.53641e+00	5.77384e+00	5.97187e+00	6.11937e+00	6.20748e+00	6.23175e+00	6.19409e+00	6.10403e+00	5.97858e+00	5.84071e+00	5.71657e+00	5.63267e+00	5.61341e+00	5.67958e+00	5.84726e+00	
3.09818e+00	3.05433e+00	2.99991e+00	2.92186e+00	2.81123e+00	2.66554e+00	2.48946e+00	2.29352e+00	2.09129e+00	1.89617e+00	1.71896e+00	1.56661e+00	1.44235e+00	1.34642e+00	1.27702e+00	1.23117e+00	1.20532e+00	1.19574e+00	1.19885e+00	1.21150e+00	1.23124e+00	
4.76469e+00	4.05994e+00	3.50994e+00	3.09616e+00	2.79768e+00	2.59581e+00	2.47614e+00	2.42927e+00	2.45087e+00	2.54157e+00	2.70678e+00	2.95654e+00	3.30499e+00	3.76918e+00	4.36655e+00	5.11034e+00	6.00268e+00	7.02596e+00	8.13467e+00	9.25174e+00	1.02737e+01	
1.22988e+00	1.33793e+00	1.49288e+00	1.69465e+00	1.93881e+00	2.21465e+00	2.50461e+00	2.78630e+00	3.03709e+00	3.24005e+00	3.38848e+00	3.48725e+00	3.55057e+00	3.59752e+00	3.64732e+00	3.71574e+00	3.81289e+00	3.94211e+00	4.09967e+00	4.27517e+00	4.45310e+00	
5.50244e+00	5.28105e+00	5.07076e+00	4.86094e+00	4.64202e+00	4.40770e+00	4.15632e+00	3.89104e+00	3.61904e+00	3.34995e+00	3.09409e+00	2.86099e+00	2.65848e+00	2.49245e+00	2.36705e+00	2.28533e+00	2.24985e+00	2.26334e+00	2.32917e+00	2.45155e+00	2.63541e+00	
1.80727e+00	1.64517e+00	1.52955e+00	1.45515e+00	1.41651e+00	1.40835e+00	1.42562e+00	1.46350e+00	1.51748e+00	1.58366e+00	1.65917e+00	1.74262e+00	1.83433e+00	1.93620e+00	2.05119e+00	2.18246e+00	2.33228e+00	2.50089e+00	2.68533e+00	2.87851e+00	3.06892e+00	
2.97862e+00	3.13864e+00	3.30107e+00	3.46526e+00	3.63033e+00	3.79574e+00	3.96182e+00	4.12993e+00	4.30239e+00	4.48190e+00	4.67097e+00	4.87122e+00	5.08296e+00	5.30508e+00	5.53510e+00	5.76956e+00	6.00442e+00	6.23539e+00	6.45815e+00	6.66839e+00	6.86175e+00	
2.10012e+00	2.18334e+00	2.27668e+00	2.38067e+00	2.49312e+00	2.60826e+00	2.71676e+00	2.80663e+00	2.86550e+00	2.88375e+00	2.85759e+00	2.79083e+00	2.69455e+00	2.58473e+00	2.47912e+00	2.39453e+00	2.34537e+00	2.34359e+00	2.39936e+00	2.52193e+00	2.71988e+00	
